3.595241904258728027e-01 5.162879824638366699e-01 -2.857312746345996857e-02
3.621131181716918945e-01 4.715193510055541992e-01 -5.505315959453582764e-02
3.604645133018493652e-01 4.850268065929412842e-01 -2.813710644841194153e-02
3.540064394474029541e-01 4.170875847339630127e-01 -4.255180060863494873e-02
3.627051413059234619e-01 4.554904103279113770e-01 -5.887830257415771484e-02
3.630144298076629639e-01 4.336956739425659180e-01 -5.501831695437431335e-02
3.635025322437286377e-01 3.800293803215026855e-01 -2.746034599840641022e-02
2.841176986694335938e-01 3.655928373336791992e-01 8.340711705386638641e-03
3.648268878459930420e-01 3.357570767402648926e-01 -2.094201557338237762e-02
3.658731579780578613e-01 3.132569193840026855e-01 -2.360310591757297516e-02
3.683017492294311523e-01 2.393971234560012817e-01 -1.449947897344827652e-02
3.591836392879486084e-01 5.232766270637512207e-01 -2.697061374783515930e-02
3.587562143802642822e-01 5.281851291656494141e-01 -2.325830422341823578e-02
3.583835065364837646e-01 5.298790335655212402e-01 -1.850170083343982697e-02
3.586832284927368164e-01 5.329023599624633789e-01 -1.789187639951705933e-02
3.586562871932983398e-01 5.387579202651977539e-01 -1.941478811204433441e-02
3.584836721420288086e-01 5.461499691009521484e-01 -2.144454792141914368e-02
3.580887317657470703e-01 5.536615252494812012e-01 -1.966304890811443329e-02
3.571110963821411133e-01 5.657958984375000000e-01 -9.394085034728050232e-03
3.614275157451629639e-01 4.790978431701660156e-01 -4.950353130698204041e-02
3.518491387367248535e-01 4.764952063560485840e-01 -3.571598604321479797e-02
2.416746467351913452e-01 2.984927296638488770e-01 5.553055182099342346e-02
3.152205944061279297e-01 3.841698169708251953e-01 -1.178655540570616722e-03
3.043231368064880371e-01 3.841068446636199951e-01 -7.699556299485266209e-04
2.938900291919708252e-01 3.819896578788757324e-01 1.859992393292486668e-03
2.799627184867858887e-01 3.706028163433074951e-01 1.003424450755119324e-02
3.244311213493347168e-01 3.810810446739196777e-01 9.795202640816569328e-04
3.027552366256713867e-01 3.402888178825378418e-01 -6.046904250979423523e-03
3.141879141330718994e-01 3.429552912712097168e-01 -5.292837508022785187e-03
2.917382717132568359e-01 3.414486348628997803e-01 -2.819155575707554817e-03
2.840026915073394775e-01 3.462264835834503174e-01 1.190836541354656219e-03
2.705205976963043213e-01 3.801428377628326416e-01 1.543346606194972992e-02
3.174790143966674805e-01 5.858667492866516113e-01 1.018928829580545425e-03
2.803344130516052246e-01 3.606589436531066895e-01 1.172348391264677048e-02
2.352696061134338379e-01 3.665258884429931641e-01 6.089033558964729309e-02
2.579188346862792969e-01 3.666415512561798096e-01 2.545899525284767151e-02
3.072754740715026855e-01 4.487960338592529297e-01 -9.695461019873619080e-03
3.471500873565673828e-01 5.133181810379028320e-01 -2.799699455499649048e-02
3.481523990631103516e-01 5.271649956703186035e-01 -2.251854166388511658e-02
3.339721858501434326e-01 5.171126127243041992e-01 -2.271844632923603058e-02
3.254455924034118652e-01 5.220126509666442871e-01 -1.610551588237285614e-02
3.388226926326751709e-01 5.275891423225402832e-01 -1.939819753170013428e-02
3.313933312892913818e-01 5.283203125000000000e-01 -1.319279894232749939e-02
3.113152682781219482e-01 5.413831472396850586e-01 -7.120555383153259754e-04
3.535002470016479492e-01 4.704256355762481689e-01 -5.458281561732292175e-02
3.526452481746673584e-01 4.547722637653350830e-01 -5.813413113355636597e-02
2.667172551155090332e-01 3.250162303447723389e-01 4.468447063118219376e-03
3.296200335025787354e-01 4.115583896636962891e-01 -1.056859735399484634e-02
3.290734887123107910e-01 4.627149999141693115e-01 -3.047182224690914154e-02
3.282730877399444580e-01 4.537304043769836426e-01 -2.756016887724399567e-02
2.738101482391357422e-01 4.429707825183868408e-01 2.128241118043661118e-03
3.533890843391418457e-01 4.345859289169311523e-01 -5.233129858970642090e-02
2.933645844459533691e-01 3.094571828842163086e-01 -1.202393136918544769e-02
2.781485915184020996e-01 3.139090538024902344e-01 -4.395225085318088531e-03
2.545081377029418945e-01 2.716673016548156738e-01 3.453246876597404480e-02
3.407790660858154297e-01 3.284323811531066895e-01 -1.893506757915019989e-02
3.239759802818298340e-01 3.496989905834197998e-01 -1.802545972168445587e-03
3.034146428108215332e-01 5.276911854743957520e-01 1.076283049769699574e-03
2.442553639411926270e-01 5.089406967163085938e-01 9.300222247838973999e-02
3.364260792732238770e-01 4.718906879425048828e-01 -2.600119821727275848e-02
3.447614610195159912e-01 4.769787788391113281e-01 -2.577615343034267426e-02
3.159214556217193604e-01 5.289769172668457031e-01 -3.364127405802719295e-05
3.203390538692474365e-01 5.281593799591064453e-01 -2.735554939135909081e-03
2.715627551078796387e-01 3.020964264869689941e-01 -7.903653749963268638e-05
3.282923102378845215e-01 4.689128994941711426e-01 -2.448153495788574219e-02
3.136026859283447266e-01 3.127662539482116699e-01 -1.721525564789772034e-02
3.120048344135284424e-01 2.991824746131896973e-01 -1.980197429656982422e-02
3.029029071331024170e-01 2.403653264045715332e-01 -4.631928168237209320e-03
2.628728151321411133e-01 2.869332432746887207e-01 1.423909422010183334e-02
3.086528480052947998e-01 2.698855102062225342e-01 -1.317244488745927811e-02
2.593517005443572998e-01 3.167786002159118652e-01 1.301302574574947357e-02
2.502942681312561035e-01 3.088156878948211670e-01 3.246857598423957825e-02
3.474461138248443604e-01 5.215966105461120605e-01 -2.657288871705532074e-02
3.367892205715179443e-01 5.237830281257629395e-01 -2.168331667780876160e-02
3.285270631313323975e-01 5.255604386329650879e-01 -1.556747034192085266e-02
3.388504683971405029e-01 4.745951592922210693e-01 -2.310886234045028687e-02
3.183100819587707520e-01 5.288369655609130859e-01 -1.334325061179697514e-03
3.226494491100311279e-01 5.314935445785522461e-01 -7.434649858623743057e-03
3.210923075675964355e-01 5.273193717002868652e-01 -2.951439702883362770e-03
3.422454297542572021e-01 4.683309793472290039e-01 -4.027115181088447571e-02
3.331518173217773438e-01 5.271447896957397461e-01 -1.134733483195304871e-02
3.405913114547729492e-01 5.277620553970336914e-01 -1.523225754499435425e-02
3.490818440914154053e-01 5.288034677505493164e-01 -1.812178269028663635e-02
3.439123928546905518e-01 5.652482509613037109e-01 -9.732688777148723602e-03
3.459087908267974854e-01 5.521054267883300781e-01 -1.989205367863178253e-02
3.468051254749298096e-01 5.437972545623779297e-01 -2.128384448587894440e-02
3.476667702198028564e-01 5.368509292602539062e-01 -1.916207186877727509e-02
3.485477268695831299e-01 5.319731831550598145e-01 -1.750728487968444824e-02
3.316298425197601318e-01 5.298127532005310059e-01 -1.104338839650154114e-02
3.302167057991027832e-01 5.313649773597717285e-01 -1.279904879629611969e-02
3.281092643737792969e-01 5.348740816116333008e-01 -1.443922147154808044e-02
3.259663879871368408e-01 5.395354032516479492e-01 -1.269038673490285873e-02
3.160059452056884766e-01 5.046735405921936035e-01 -1.315575279295444489e-02
2.325532734394073486e-01 4.324123859405517578e-01 1.065680459141731262e-01
3.609749972820281982e-01 4.813729822635650635e-01 -3.556986525654792786e-02
3.266384899616241455e-01 5.291499495506286621e-01 -6.478450261056423187e-03
3.249154090881347656e-01 5.297505855560302734e-01 -7.544756401330232620e-03
3.479458987712860107e-01 4.838251769542694092e-01 -2.603973634541034698e-02
3.313144743442535400e-01 4.779381155967712402e-01 -1.626157015562057495e-02
3.464655876159667969e-01 4.806199073791503906e-01 -2.606905438005924225e-02
3.180218935012817383e-01 4.194683134555816650e-01 -7.379452232271432877e-03
2.998707890510559082e-01 4.279641509056091309e-01 -4.724927712231874466e-03
3.261413574218750000e-01 4.599064588546752930e-01 -2.150913700461387634e-02
2.739971578121185303e-01 2.516641020774841309e-01 1.324879564344882965e-02
2.813264429569244385e-01 2.728676199913024902e-01 -6.223742384463548660e-04
2.893175780773162842e-01 2.958534359931945801e-01 -1.112069468945264816e-02
3.196470737457275391e-01 5.504858493804931641e-01 -5.155298393219709396e-03
3.382812440395355225e-01 3.063748478889465332e-01 -2.371829375624656677e-02
3.362435996532440186e-01 2.733039259910583496e-01 -1.970749534666538239e-02
3.333688974380493164e-01 2.373044639825820923e-01 -1.401019748300313950e-02
2.850014865398406982e-01 3.775200247764587402e-01 6.121966056525707245e-03
2.579873800277709961e-01 3.903732299804687500e-01 2.079943567514419556e-02
3.304271697998046875e-01 3.774734735488891602e-01 2.484160009771585464e-03
2.713261246681213379e-01 3.486747741699218750e-01 1.010295283049345016e-02
3.375148475170135498e-01 4.020835757255554199e-01 -1.400562003254890442e-02
3.356880545616149902e-01 4.581153690814971924e-01 -4.046254977583885193e-02
2.455610930919647217e-01 3.992437124252319336e-01 3.219281882047653198e-02
2.658185660839080811e-01 4.032013118267059326e-01 1.150168478488922119e-02
2.804970145225524902e-01 4.111139178276062012e-01 2.493622479960322380e-03
3.017871975898742676e-01 4.107563793659210205e-01 -8.890593890100717545e-04
3.172915279865264893e-01 4.058021008968353271e-01 -2.629488706588745117e-03
3.287903666496276855e-01 3.994710147380828857e-01 -4.818280693143606186e-03
3.530594110488891602e-01 3.829558789730072021e-01 -2.406282909214496613e-02
2.472258210182189941e-01 4.327522516250610352e-01 2.977009862661361694e-02
2.615855336189270020e-01 3.441951870918273926e-01 1.471488550305366516e-02
3.564087748527526855e-01 4.779323339462280273e-01 -4.928642883896827698e-02
3.308719396591186523e-01 4.278132319450378418e-01 -1.485668495297431946e-02
2.304211705923080444e-01 3.631201684474945068e-01 9.650238603353500366e-02
3.375390470027923584e-01 3.916891813278198242e-01 -6.016917061060667038e-03
3.246898353099822998e-01 4.601297974586486816e-01 -1.114120241254568100e-02
2.768304944038391113e-01 3.608148396015167236e-01 1.374419592320919037e-02
3.351890146732330322e-01 4.471878111362457275e-01 -3.672674298286437988e-02
2.362093627452850342e-01 4.699709415435791016e-01 1.026514694094657898e-01
3.305069208145141602e-01 3.712378740310668945e-01 4.781458992511034012e-03
3.440626561641693115e-01 4.391327202320098877e-01 -4.650270566344261169e-02
2.708443403244018555e-01 5.493077039718627930e-01 3.709084913134574890e-02
2.699303328990936279e-01 5.638456344604492188e-01 5.732823908329010010e-02
2.349691540002822876e-01 4.328947961330413818e-01 6.778649985790252686e-02
2.564639449119567871e-01 5.280663371086120605e-01 4.963565617799758911e-02
2.423061430454254150e-01 3.355083465576171875e-01 4.962406307458877563e-02
3.147923350334167480e-01 5.985189676284790039e-01 7.658291608095169067e-03
3.571186363697052002e-01 4.804080426692962646e-01 -3.505873680114746094e-02
3.208211064338684082e-01 4.381760060787200928e-01 -1.130794081836938858e-02
2.475489675998687744e-01 3.682505190372467041e-01 3.552441298961639404e-02
2.949439287185668945e-01 3.727563023567199707e-01 2.349174581468105316e-03
3.043127059936523438e-01 3.754941821098327637e-01 2.483123680576682091e-04
3.200333118438720703e-01 5.342122912406921387e-01 -5.806895438581705093e-03
2.492274045944213867e-01 4.634999930858612061e-01 3.379914537072181702e-02
3.327825069427490234e-01 6.174278259277343750e-01 1.232781074941158295e-02
3.015732169151306152e-01 5.970522761344909668e-01 3.109739907085895538e-02
2.872243225574493408e-01 5.837620496749877930e-01 4.227601736783981323e-02
3.671602606773376465e-01 2.775411903858184814e-01 -2.031176537275314331e-02
3.537671864032745361e-01 6.211336255073547363e-01 1.064240280538797379e-02
3.134905397891998291e-01 3.755983710289001465e-01 3.756941587198525667e-04
3.221596181392669678e-01 3.739743232727050781e-01 2.226501470431685448e-03
3.277429938316345215e-01 3.727803826332092285e-01 4.678267054259777069e-03
2.527586817741394043e-01 3.396538197994232178e-01 2.511258423328399658e-02
3.216567039489746094e-01 3.591123819351196289e-01 -4.445311788003891706e-05
3.124573230743408203e-01 3.536333143711090088e-01 -1.991741126403212547e-03
3.029944598674774170e-01 3.515387177467346191e-01 -2.031052252277731895e-03
2.932825982570648193e-01 3.528280258178710938e-01 3.372520441189408302e-04
2.870224118232727051e-01 3.559620380401611328e-01 3.521442413330078125e-03
2.340030372142791748e-01 3.272038996219635010e-01 7.841765135526657104e-02
2.885532379150390625e-01 3.691818118095397949e-01 5.595473572611808777e-03
3.600516319274902344e-01 4.944105744361877441e-01 -2.573185972869396210e-02
3.258267045021057129e-01 4.977024197578430176e-01 -1.760131865739822388e-02
3.364243209362030029e-01 4.698100090026855469e-01 -2.976215258240699768e-02
3.462197482585906982e-01 4.949012100696563721e-01 -2.573903277516365051e-02
3.639132380485534668e-01 3.577475249767303467e-01 -2.037112414836883545e-02
2.858157753944396973e-01 5.691409111022949219e-01 2.785749174654483795e-02
2.998968362808227539e-01 5.838586091995239258e-01 1.831132359802722931e-02
3.328560590744018555e-01 6.099058389663696289e-01 -1.162414671853184700e-03
2.559151053428649902e-01 5.406304597854614258e-01 7.636875659227371216e-02
3.279188573360443115e-01 3.665476441383361816e-01 2.826068550348281860e-03
3.454330563545227051e-01 4.081901311874389648e-01 -2.774815075099468231e-02
3.548267781734466553e-01 6.127650737762451172e-01 -2.626749919727444649e-03
3.163693547248840332e-01 6.087679862976074219e-01 1.946758851408958435e-02
2.384225875139236450e-01 4.670446813106536865e-01 6.695657968521118164e-02
3.393821120262145996e-01 5.306315422058105469e-01 -1.471883989870548248e-02
3.379134833812713623e-01 5.339284539222717285e-01 -1.672891899943351746e-02
3.363929986953735352e-01 5.393645763397216797e-01 -1.860205642879009247e-02
3.349387347698211670e-01 5.466719865798950195e-01 -1.719415560364723206e-02
3.305591046810150146e-01 5.589488744735717773e-01 -9.045835584402084351e-03
3.246957659721374512e-01 5.284882187843322754e-01 -7.626558188349008560e-03
3.218595981597900391e-01 5.275239944458007812e-01 -7.892792113125324249e-03
3.188761174678802490e-01 5.253897309303283691e-01 -8.223848417401313782e-03
3.077714443206787109e-01 5.151984095573425293e-01 -6.605729460716247559e-03
2.645673453807830811e-01 4.742528498172760010e-01 1.325959339737892151e-02
3.454347550868988037e-01 3.914830684661865234e-01 -1.827241666615009308e-02
3.396037518978118896e-01 3.593530654907226562e-01 -2.099820412695407867e-03
3.327997326850891113e-01 3.622443079948425293e-01 1.341453287750482559e-03
3.266573250293731689e-01 5.264521241188049316e-01 -6.457512732595205307e-03
2.627617716789245605e-01 5.090510845184326172e-01 2.933703921735286713e-02
3.495751917362213135e-01 3.587907850742340088e-01 -1.446303259581327438e-02
3.234220445156097412e-01 5.725289583206176758e-01 -3.314014058560132980e-03
3.631511628627777100e-01 4.155312478542327881e-01 -4.552480205893516541e-02
3.532972931861877441e-01 4.009773731231689453e-01 -3.432576358318328857e-02
3.632674813270568848e-01 3.986218273639678955e-01 -3.623444214463233948e-02
3.377829790115356445e-01 4.327296614646911621e-01 -2.770703472197055817e-02
3.557262718677520752e-01 5.994794368743896484e-01 -8.765887469053268433e-03
3.564696609973907471e-01 5.817301273345947266e-01 -8.980772458016872406e-03
3.395588099956512451e-01 5.807535648345947266e-01 -7.908619008958339691e-03
2.998472154140472412e-01 5.459542870521545410e-01 5.378372501581907272e-03
3.151262998580932617e-01 4.707939028739929199e-01 -9.000131860375404358e-03
3.106054067611694336e-01 5.611772537231445312e-01 1.311804400756955147e-03
2.895399332046508789e-01 4.646609425544738770e-01 -6.040513515472412109e-03
3.044782280921936035e-01 4.841599166393280029e-01 -7.834681309759616852e-03
2.797535061836242676e-01 4.876649677753448486e-01 1.728159259073436260e-03
3.351107537746429443e-01 5.974304676055908203e-01 -7.084243465214967728e-03
3.312459886074066162e-01 4.407225251197814941e-01 -2.054575458168983459e-02
2.899922132492065430e-01 5.548447966575622559e-01 1.538840681314468384e-02
3.037512898445129395e-01 5.710806846618652344e-01 9.602841921150684357e-03
2.915973961353302002e-01 5.279189348220825195e-01 5.750174634158611298e-03
2.519863843917846680e-01 4.892399609088897705e-01 3.812942281365394592e-02
2.771824896335601807e-01 5.272984504699707031e-01 1.582650467753410339e-02
2.444348931312561035e-01 4.986545443534851074e-01 6.301672011613845825e-02
2.956719100475311279e-01 5.025730133056640625e-01 -3.347488353028893471e-03
3.382965326309204102e-01 4.177578091621398926e-01 -2.088528685271739960e-02
3.390353918075561523e-01 4.656463265419006348e-01 -4.246940836310386658e-02
3.322056233882904053e-01 4.682518541812896729e-01 -3.120294213294982910e-02
3.436708450317382812e-01 4.557946622371673584e-01 -4.962555691599845886e-02
3.312238454818725586e-01 3.434846103191375732e-01 -6.243338808417320251e-03
3.142975866794586182e-01 3.325357735157012939e-01 -8.509003557264804840e-03
2.993507385253906250e-01 3.294073939323425293e-01 -8.176940493285655975e-03
2.864992320537567139e-01 3.306983411312103271e-01 -4.397888202220201492e-03
2.770372629165649414e-01 3.366501033306121826e-01 1.705878763459622860e-03
2.686896026134490967e-01 3.637339472770690918e-01 1.794959977269172668e-02
2.334567606449127197e-01 3.994721472263336182e-01 6.476843357086181641e-02
2.766937315464019775e-01 3.880699872970581055e-01 1.010425854474306107e-02
2.880340814590454102e-01 3.944972157478332520e-01 4.464134573936462402e-03
3.026756346225738525e-01 3.961626589298248291e-01 8.059954852797091007e-04
3.164402544498443604e-01 3.940224647521972656e-01 -9.250324219465255737e-04
3.271554410457611084e-01 3.897391259670257568e-01 -3.005659673362970352e-04
3.346218168735504150e-01 3.851085305213928223e-01 -8.644510526210069656e-04
2.310707271099090576e-01 3.973839879035949707e-01 1.049994453787803650e-01
3.322324156761169434e-01 4.718360602855682373e-01 -2.587981335818767548e-02
3.454895019531250000e-01 4.232628047466278076e-01 -3.570614010095596313e-02
3.463322520256042480e-01 4.674551784992218018e-01 -5.001049488782882690e-02
3.515071570873260498e-01 4.746476113796234131e-01 -4.529936984181404114e-02
3.461942672729492188e-01 4.695026874542236328e-01 -4.492956772446632385e-02
3.348187208175659180e-01 4.762722849845886230e-01 -2.191323973238468170e-02
3.533436357975006104e-01 4.765260815620422363e-01 -4.785780608654022217e-02
3.539601564407348633e-01 4.790739715099334717e-01 -3.541773557662963867e-02
3.344108760356903076e-01 3.726571798324584961e-01 3.748726332560181618e-03
3.406850695610046387e-01 3.766778707504272461e-01 -1.889054314233362675e-03
3.443704545497894287e-01 3.797001540660858154e-01 -8.528853766620159149e-03
2.833047807216644287e-01 3.585229814052581787e-01 7.110863458365201950e-03
2.779870629310607910e-01 3.514974713325500488e-01 7.242396008223295212e-03
3.717143535614013672e-01 4.185245335102081299e-01 -4.128504171967506409e-02
4.366351962089538574e-01 3.795815408229827881e-01 1.739766448736190796e-02
3.697874844074249268e-01 4.777300953865051270e-01 -3.465505689382553101e-02
4.770336449146270752e-01 3.182330131530761719e-01 6.958639621734619141e-02
4.060752987861633301e-01 3.924887776374816895e-01 4.666419699788093567e-03
4.166521728038787842e-01 3.940549790859222412e-01 6.322642322629690170e-03
4.266428351402282715e-01 3.934597074985504150e-01 9.939624927937984467e-03
4.397149384021759033e-01 3.850259184837341309e-01 1.967513933777809143e-02
3.973476290702819824e-01 3.879350423812866211e-01 5.513810552656650543e-03
4.221325218677520752e-01 3.524678349494934082e-01 1.143222092650830746e-03
4.108118414878845215e-01 3.527598679065704346e-01 2.982003788929432631e-04
4.322898089885711670e-01 3.556633591651916504e-01 5.572633817791938782e-03
4.387415051460266113e-01 3.615924119949340820e-01 1.026511844247579575e-02
4.479470252990722656e-01 3.949213624000549316e-01 2.576620131731033325e-02
3.925124406814575195e-01 5.901616215705871582e-01 5.360081326216459274e-03
4.402515888214111328e-01 3.756997883319854736e-01 2.118507027626037598e-02
4.776349067687988281e-01 3.854002654552459717e-01 7.525501400232315063e-02
4.600570201873779297e-01 3.834069669246673584e-01 3.717949986457824707e-02
4.114354550838470459e-01 4.563597142696380615e-01 -3.805497428402304649e-03
3.716037273406982422e-01 5.147659778594970703e-01 -2.636528015136718750e-02
3.689043223857879639e-01 5.283483862876892090e-01 -2.111719362437725067e-02
3.833612203598022461e-01 5.199214220046997070e-01 -1.938833668828010559e-02
3.905572593212127686e-01 5.255389809608459473e-01 -1.156496908515691757e-02
3.773774802684783936e-01 5.296714901924133301e-01 -1.663755252957344055e-02
3.839448690414428711e-01 5.311092734336853027e-01 -9.464251808822154999e-03
4.016067385673522949e-01 5.464640855789184570e-01 4.787362646311521530e-03
3.704149127006530762e-01 4.716440141201019287e-01 -5.364767834544181824e-02
3.723568022251129150e-01 4.562407433986663818e-01 -5.713655427098274231e-02
4.566383957862854004e-01 3.433142304420471191e-01 1.536246389150619507e-02
3.921326100826263428e-01 4.166599214076995850e-01 -6.622002460062503815e-03
3.917566835880279541e-01 4.672630131244659424e-01 -2.650531381368637085e-02
3.925650119781494141e-01 4.583956897258758545e-01 -2.354672364890575409e-02
4.425519108772277832e-01 4.551798999309539795e-01 1.180510874837636948e-02
3.721754848957061768e-01 4.360044896602630615e-01 -5.104836821556091309e-02
4.347306489944458008e-01 3.246089518070220947e-01 -4.759583622217178345e-03
4.478908777236938477e-01 3.312775492668151855e-01 4.836302716284990311e-03
4.694620668888092041e-01 2.905880212783813477e-01 4.706702381372451782e-02
3.884066045284271240e-01 3.336423635482788086e-01 -1.661497540771961212e-02
4.006322324275970459e-01 3.574001789093017578e-01 2.843345282599329948e-03
4.098055064678192139e-01 5.339277982711791992e-01 7.753167301416397095e-03
4.556124210357666016e-01 5.229656696319580078e-01 1.064241006970405579e-01
3.839386701583862305e-01 4.752947688102722168e-01 -2.298662252724170685e-02
3.757079541683197021e-01 4.792101085186004639e-01 -2.426429465413093567e-02
3.982457220554351807e-01 5.334562659263610840e-01 5.830964539200067520e-03
3.937142193317413330e-01 5.320004224777221680e-01 2.300825435668230057e-03
4.545702338218688965e-01 3.206530809402465820e-01 9.882233105599880219e-03
3.914085626602172852e-01 4.732900261878967285e-01 -2.067554742097854614e-02
4.156773090362548828e-01 3.237611651420593262e-01 -1.230123359709978104e-02
4.185221195220947266e-01 3.106136918067932129e-01 -1.460201572626829147e-02
4.300390481948852539e-01 2.521433830261230469e-01 2.379706595093011856e-03
4.623417854309082031e-01 3.054441809654235840e-01 2.546042017638683319e-02
4.234437644481658936e-01 2.812316715717315674e-01 -7.025306113064289093e-03
4.634565114974975586e-01 3.358245790004730225e-01 2.463496848940849304e-02
4.705691933631896973e-01 3.281590938568115234e-01 4.525605961680412292e-02
3.704913258552551270e-01 5.229761600494384766e-01 -2.495163865387439728e-02
3.801267743110656738e-01 5.261836051940917969e-01 -1.857575215399265289e-02
3.872777819633483887e-01 5.287439823150634766e-01 -1.150199770927429199e-02
3.812112212181091309e-01 4.775550365447998047e-01 -2.079743705689907074e-02
3.958093225955963135e-01 5.329134464263916016e-01 3.887123428285121918e-03
3.921034038066864014e-01 5.351252555847167969e-01 -2.951320260763168335e-03
3.927209675312042236e-01 5.311716794967651367e-01 2.020037500187754631e-03
3.798651993274688721e-01 4.710694551467895508e-01 -3.763183578848838806e-02
3.817564249038696289e-01 5.296714305877685547e-01 -7.890764623880386353e-03
3.750700056552886963e-01 5.296703577041625977e-01 -1.258132047951221466e-02
3.672275841236114502e-01 5.298243761062622070e-01 -1.666599325835704803e-02
3.698284924030303955e-01 5.666471719741821289e-01 -8.430895395576953888e-03
3.699780404567718506e-01 5.535354018211364746e-01 -1.842499896883964539e-02
3.698896765708923340e-01 5.452104806900024414e-01 -1.974900066852569580e-02
3.693881928920745850e-01 5.381373167037963867e-01 -1.755422912538051605e-02
3.685674667358398438e-01 5.331373810768127441e-01 -1.594863831996917725e-02
3.839887976646423340e-01 5.324802994728088379e-01 -7.478731218725442886e-03
3.853966593742370605e-01 5.342110395431518555e-01 -9.226531721651554108e-03
3.872675895690917969e-01 5.381004214286804199e-01 -1.076577417552471161e-02
3.888700008392333984e-01 5.430167317390441895e-01 -8.702878840267658234e-03
4.002531170845031738e-01 5.098875164985656738e-01 -7.938030175864696503e-03
4.708904922008514404e-01 4.495377838611602783e-01 1.213566362857818604e-01
3.880633413791656494e-01 5.323158502578735352e-01 -2.044939203187823296e-03
3.900181651115417480e-01 5.332179069519042969e-01 -3.154741832986474037e-03
3.723137080669403076e-01 4.854937791824340820e-01 -2.472394332289695740e-02
3.874028623104095459e-01 4.816589951515197754e-01 -1.326729636639356613e-02
3.738840222358703613e-01 4.824985265731811523e-01 -2.467030845582485199e-02
4.025690853595733643e-01 4.260788857936859131e-01 -2.208646154031157494e-03
4.194435477256774902e-01 4.370410144329071045e-01 2.204947173595428467e-03
3.936558365821838379e-01 4.647076427936553955e-01 -1.749714091420173645e-02
4.548529982566833496e-01 2.679440081119537354e-01 2.332676388323307037e-02
4.477263092994689941e-01 2.890809774398803711e-01 8.285274729132652283e-03
4.395309686660766602e-01 3.116931319236755371e-01 -3.273594891652464867e-03
3.933939337730407715e-01 5.546630024909973145e-01 -6.803188007324934006e-04
3.930816650390625000e-01 3.125070929527282715e-01 -2.112942747771739960e-02
3.972886800765991211e-01 2.792519629001617432e-01 -1.650424115359783173e-02
4.020911455154418945e-01 2.436323910951614380e-01 -1.040363125503063202e-02
4.349916279315948486e-01 3.906307816505432129e-01 1.518049556761980057e-02
4.587874114513397217e-01 4.061685502529144287e-01 3.243340924382209778e-02
3.918110132217407227e-01 3.834040760993957520e-01 6.618133280426263809e-03
4.498423337936401367e-01 3.652782738208770752e-01 2.064442820847034454e-02
3.855547308921813965e-01 4.061412811279296875e-01 -1.089355349540710449e-02
3.866949975490570068e-01 4.620058238506317139e-01 -3.727548569440841675e-02
4.687234461307525635e-01 4.162229895591735840e-01 4.537799209356307983e-02
4.514367580413818359e-01 4.175643026828765869e-01 2.250735461711883545e-02
4.380447268486022949e-01 4.231571555137634277e-01 1.165256183594465256e-02
4.181065261363983154e-01 4.199361801147460938e-01 6.071194540709257126e-03
4.036189317703247070e-01 4.128465354442596436e-01 2.698143245652318001e-03
3.930312395095825195e-01 4.049378633499145508e-01 -8.613541140221059322e-04
3.732000589370727539e-01 3.847631514072418213e-01 -2.280259877443313599e-02
4.652895629405975342e-01 4.486541450023651123e-01 4.292081668972969055e-02
4.590224325656890869e-01 3.617711663246154785e-01 2.639037556946277618e-02
3.664130568504333496e-01 4.786268174648284912e-01 -4.855942726135253906e-02
3.903968930244445801e-01 4.324800074100494385e-01 -1.102013420313596725e-02
4.788542389869689941e-01 3.821943402290344238e-01 1.116250306367874146e-01
3.854581415653228760e-01 3.960044980049133301e-01 -2.977937692776322365e-03
3.942641913890838623e-01 4.649204909801483154e-01 -7.167762145400047302e-03
4.432837963104248047e-01 3.763532340526580811e-01 2.371458336710929871e-02
3.871647417545318604e-01 4.511835277080535889e-01 -3.355302661657333374e-02
4.648920297622680664e-01 4.858431518077850342e-01 1.170060187578201294e-01
3.919142186641693115e-01 3.773308992385864258e-01 9.064986370503902435e-03
3.802244663238525391e-01 4.419065415859222412e-01 -4.424788802862167358e-02
4.346640408039093018e-01 5.594950318336486816e-01 4.685703292489051819e-02
4.318459928035736084e-01 5.736328363418579102e-01 6.735318899154663086e-02
4.728338718414306641e-01 4.501719474792480469e-01 8.232095092535018921e-02
4.480212926864624023e-01 5.404422283172607422e-01 6.130270659923553467e-02
4.745155572891235352e-01 3.545203804969787598e-01 6.332509964704513550e-02
3.934511244297027588e-01 6.029264330863952637e-01 1.237409282475709915e-02
3.648200333118438721e-01 4.809623956680297852e-01 -3.470229730010032654e-02
3.990256190299987793e-01 4.439941048622131348e-01 -6.581126246601343155e-03
4.686369597911834717e-01 3.859609663486480713e-01 4.853625968098640442e-02
4.263544678688049316e-01 3.846611976623535156e-01 1.041324250400066376e-02
4.172675907611846924e-01 3.859044611454010010e-01 7.356778252869844437e-03
3.943592011928558350e-01 5.382613539695739746e-01 -9.424674208275973797e-04
4.609629809856414795e-01 4.784399867057800293e-01 4.654624313116073608e-02
3.742559552192687988e-01 6.196395754814147949e-01 1.490209624171257019e-02
4.032440185546875000e-01 6.028528213500976562e-01 3.772310540080070496e-02
4.162431657314300537e-01 5.912377834320068359e-01 5.060381814837455750e-02
4.082823693752288818e-01 3.845854103565216064e-01 6.381422746926546097e-03
3.999007344245910645e-01 3.813190460205078125e-01 7.349875755608081818e-03
3.945784866809844971e-01 3.792198002338409424e-01 9.251856245100498199e-03
4.666436910629272461e-01 3.579408824443817139e-01 3.763220459222793579e-02
4.014862477779388428e-01 3.670619726181030273e-01 5.122210364788770676e-03
4.108435809612274170e-01 3.634119629859924316e-01 3.916260320693254471e-03
4.201506972312927246e-01 3.631843924522399902e-01 5.112753249704837799e-03
4.292209446430206299e-01 3.661253750324249268e-01 8.346337825059890747e-03
4.347087144851684570e-01 3.702095746994018555e-01 1.211280841380357742e-02
4.800095856189727783e-01 3.469731509685516357e-01 9.311023354530334473e-02
4.324477910995483398e-01 3.821633458137512207e-01 1.428916677832603455e-02
3.916414976119995117e-01 5.017884373664855957e-01 -1.362289208918809891e-02
3.844852447509765625e-01 4.733484387397766113e-01 -2.692766115069389343e-02
3.733258247375488281e-01 4.966215491294860840e-01 -2.407111227512359619e-02
4.204435050487518311e-01 5.772199034690856934e-01 3.587743639945983887e-02
4.072174131870269775e-01 5.899839401245117188e-01 2.467048726975917816e-02
3.761466741561889648e-01 6.123211383819580078e-01 1.238288125023245811e-03
4.442890286445617676e-01 5.525643229484558105e-01 8.831058442592620850e-02
3.949124515056610107e-01 3.730874955654144287e-01 7.436041720211505890e-03
3.791029453277587891e-01 4.109904170036315918e-01 -2.563714794814586639e-02
3.898939490318298340e-01 6.127878427505493164e-01 2.416846901178359985e-02
4.670368432998657227e-01 4.830674529075622559e-01 8.094168454408645630e-02
3.771663308143615723e-01 5.326509475708007812e-01 -1.210231054574251175e-02
3.785522878170013428e-01 5.361444950103759766e-01 -1.396375894546508789e-02
3.797164261341094971e-01 5.418248772621154785e-01 -1.579377800226211548e-02
3.805603086948394775e-01 5.492739081382751465e-01 -1.420399174094200134e-02
3.828741312026977539e-01 5.618383288383483887e-01 -5.851516034454107285e-03
3.898039758205413818e-01 5.319156646728515625e-01 -3.033674554899334908e-03
3.928225934505462646e-01 5.313816070556640625e-01 -2.884802874177694321e-03
3.959133625030517578e-01 5.295698046684265137e-01 -2.865429734811186790e-03
4.070150554180145264e-01 5.211687684059143066e-01 -3.487737267278134823e-04
4.479208588600158691e-01 4.870158731937408447e-01 2.377561666071414948e-02
3.792673349380493164e-01 3.944386243820190430e-01 -1.606893539428710938e-02
3.852920532226562500e-01 3.640838265419006348e-01 7.092527812346816063e-04
3.909372687339782715e-01 3.680436015129089355e-01 5.239066667854785919e-03
3.875551223754882812e-01 5.296759009361267090e-01 -2.213713014498353004e-03
4.458741545677185059e-01 5.212395787239074707e-01 4.013965278863906860e-02
3.771538138389587402e-01 3.616245388984680176e-01 -1.296210661530494690e-02
3.880092501640319824e-01 5.761585235595703125e-01 4.259171546436846256e-04
3.726170063018798828e-01 4.026165604591369629e-01 -3.322540968656539917e-02
3.847512900829315186e-01 4.364101290702819824e-01 -2.484378777444362640e-02
3.728176057338714600e-01 5.826905369758605957e-01 -6.169521249830722809e-03
4.111796021461486816e-01 5.525965094566345215e-01 1.182100921869277954e-02
4.025408923625946045e-01 4.767642617225646973e-01 -4.062476567924022675e-03
4.004155993461608887e-01 5.664457082748413086e-01 6.310531403869390488e-03
4.271363615989685059e-01 4.743983447551727295e-01 1.300444826483726501e-03
4.118438959121704102e-01 4.913897216320037842e-01 -1.832548412494361401e-03
4.341173171997070312e-01 4.982501268386840820e-01 1.016623433679342270e-02
3.756794929504394531e-01 5.997440218925476074e-01 -4.795856773853302002e-03
3.896832466125488281e-01 4.452000260353088379e-01 -1.688945852220058441e-02
4.189515411853790283e-01 5.626749992370605469e-01 2.279367111623287201e-02
4.056040048599243164e-01 5.770134925842285156e-01 1.534011308103799820e-02
4.202984571456909180e-01 5.358320474624633789e-01 1.341633498668670654e-02
4.561246931552886963e-01 5.032657384872436523e-01 5.029406771063804626e-02
4.325074255466461182e-01 5.372406244277954102e-01 2.476390823721885681e-02
4.597644209861755371e-01 5.131126046180725098e-01 7.630799710750579834e-02
4.187252521514892578e-01 5.105080604553222656e-01 3.809852059930562973e-03
3.845430910587310791e-01 4.215492308139801025e-01 -1.776148751378059387e-02
3.832270503044128418e-01 4.689357578754425049e-01 -3.965422138571739197e-02
3.886117041110992432e-01 4.723423123359680176e-01 -2.796806395053863525e-02
3.802240788936614990e-01 4.585548937320709229e-01 -4.729028791189193726e-02
3.948870301246643066e-01 3.501034677028656006e-01 -2.481492003425955772e-03
4.123884141445159912e-01 3.428274989128112793e-01 -3.125534160062670708e-03
4.269223511219024658e-01 3.427678644657135010e-01 -1.123348949477076530e-03
4.385824501514434814e-01 3.462671637535095215e-01 4.235927481204271317e-03
4.462758898735046387e-01 3.533479571342468262e-01 1.156537886708974838e-02
4.505601525306701660e-01 3.796637952327728271e-01 2.863314747810363770e-02
4.768077731132507324e-01 4.177314639091491699e-01 7.948964834213256836e-02
4.420746266841888428e-01 4.017010331153869629e-01 1.984661817550659180e-02
4.315630495548248291e-01 4.060890376567840576e-01 1.289643440395593643e-02
4.176841080188751221e-01 4.057732224464416504e-01 7.734739221632480621e-03
4.046032130718231201e-01 4.016111195087432861e-01 4.548142198473215103e-03
3.945883512496948242e-01 3.957899212837219238e-01 3.872530767694115639e-03
3.878751397132873535e-01 3.900112509727478027e-01 2.475126879289746284e-03
4.748570024967193604e-01 4.154362380504608154e-01 1.201497241854667664e-01
3.877673447132110596e-01 4.757490456104278564e-01 -2.265147492289543152e-02
3.789344727993011475e-01 4.259197711944580078e-01 -3.355033323168754578e-02
3.770398199558258057e-01 4.697131812572479248e-01 -4.820742458105087280e-02
3.708838522434234619e-01 4.760368466377258301e-01 -4.419663175940513611e-02
3.764137029647827148e-01 4.717285633087158203e-01 -4.309583827853202820e-02
3.846695423126220703e-01 4.797025322914123535e-01 -1.931356079876422882e-02
3.693796396255493164e-01 4.776595532894134521e-01 -4.700857400894165039e-02
3.677842319011688232e-01 4.800329804420471191e-01 -3.464524820446968079e-02
3.884052038192749023e-01 3.780672252178192139e-01 7.233389653265476227e-03
3.827973604202270508e-01 3.808349370956420898e-01 7.033447618596255779e-04
3.800087869167327881e-01 3.830907940864562988e-01 -6.362784188240766525e-03
4.378765225410461426e-01 3.732608854770660400e-01 1.620401442050933838e-02
4.434096813201904297e-01 3.674162030220031738e-01 1.694907993078231812e-02
